QVEPB 5.0
Centre_circle_depth_5_5
MM
0.000000000000	0.000000000000	0.000000000000
1.000000000000	0.000000000000	0.000000000000
0.000000000000	1.000000000000	0.000000000000
0.000000000000	0.000000000000	1.000000000000
10
113.292446	96.693434	31.403529
112.386139	95.934837	31.403900
113.287737	95.078242	31.401732
114.205647	95.940848	31.401271
113.172707	95.977415	31.410271
109.371937	95.937757	32.229361
113.280676	99.224237	32.231242
117.421041	96.014756	32.226245
113.369447	92.147898	32.225319
116.805032	92.966854	32.226375
0
0
