QVEPB 5.0
oblong_hole_depth-5_5
MM
0.000000000000	0.000000000000	0.000000000000
1.000000000000	0.000000000000	0.000000000000
0.000000000000	1.000000000000	0.000000000000
0.000000000000	0.000000000000	1.000000000000
10
74.632266	31.305909	31.431611
75.532148	32.154887	31.424050
76.335782	31.132933	31.435195
75.944856	30.393114	31.426794
74.996987	30.397793	31.425675
70.997648	31.483928	32.251479
75.206555	34.569935	32.246554
79.645037	32.283742	32.253847
77.572952	28.233951	32.266382
74.776151	27.393936	32.262373
0
0
